          [0.3, 0.527, 0, 0.3, 0.275, 0.3, 0, 0.5, 0.73, 0, 0.5, 0.273, 0.25, 0, 0.3, 0.75],

          [0.5, 0, 0.5, 0, 0.25, 0, 0.5, 0, 0.5, 0, 0.25,0,  0, 0, 0.5, 0, 0.5, 0.25, 0.5, 0.5, 0.25],

                   [0, 0, 0, 0, 0, 0, 0, 0, 0, 0.25, 0.125, 0.25, 0, 0, 0, 0],

          [0.26, 1, 0.4, 1, 0.2, 1, 0.3, 1, 0.2, 1, 0.5, 1, 0.4, 1, 0.3, 1],
          [1, 0, 0, 0, 0, 0, 0, 0, 0, 0, 0, 0, 0, 0, 0, 0]

          [0, 0, 0, 0, 0, 0, 0, 0, 0.25, 0, 0.125, 0, 0.25, 0, 0.125, 0],
          [0, 0, 0, 0, 0, 0, 0, 0, 0, 0.125, 0, 0.25, 0, 0.125, 0, 0.25],